xxDEx LOCORVM LXVII

12· 1 1 111 Μ1 xxxx
1 sq· 1
11, 11 xxx 11111 1111
1111 111111 11111 11
1111 xxxv 11111, xxxv
46,3 111111 1111 1111
111 1111 11111111
111 111, 11 111
1111 1111 111111
111 1111 1111 111
111 111 1111 111
11, 11 xxxx 11111 xxxvxx
1111 11111 11111 xxxxv
1111 11111111 111, 11 11111»
1111 1111111. 11111 xxxx
1111 11111 11111 11111
1111 111111 1111 111
111 xxxxv· 1111 xxxvx ,
111 1111111 1111 xxxxxx
1111 11 , 11111 11
111 1111111 1111 xxv
111 xxxv 11111 11111
111 xxxxv 111, 11 xxxvxx
1111 xxxxv 11111 xx
111 111111 1111 111
1111 xxv 111, 11 111
1111 111 111, 11 1111111.
111 1111 111, 11 11111
1111 xxv · 11111 111
11, 11 xxxv 1111 xxxvxx
11, 11 xxxvxxx4 1111 11111
1111 xxxv 111, 1ο xxxxxx
1111 xxxxv 411111 111111
1111 xxx 1111 111,
111 xxx xxxxv
111 1111 1111 111111
111 xxxxv 1111 111111
111 xxxv 155,5 xxxvxxx4
11, 11 1111 111
11, v 155, 5 1111
111 111, 11 xxv
111, 11 111, 11 111111
1111 1111 11111
111, 11
1111
1111

 

